# Size(in Mb, b/w 1-8);creation time(1-20000 cycles);Total Time to Complete (in cycles, 10-950);Total I/Os(0-5);I/O 1 start time(10-950 cycles);I/O 1 length;I/O 2; etc.; I/O 5
1;00001;010;0
1;00398;200;1;045;020
3;08996;275;0
4;17890;400;2;045;100;230;070
1;04567;090;0
2;12400;200;0
8;06791;950;5;021;090;200;056;350;251;010;045;070;030
7;09999;600;2;321;231;108;070
7;14555;739;0
1;02008;075;00
2;04670;125;1;080;043
3;10000;265;1;066;190
6;03045;521;2;077;030;100;400
4;14444;444;4;044;044;200;243;021;015;068;032
4;12345;381;0
5;09123;469;0
7;00028;828;0
2;00456;125;1;056;066
2;03409;165;0
1;00928;100;0
1;10099;121;0
3;07726;233;0
1;10892;144;0
1;12139;096;0
1;12169;101;1;065;027
2;13136;112;0
5;08828;455;3;055;045;239;200;041;013
4;03012;339;1;320;029
4;04432;421;0
6;01012;456;1;400;050
2;02010;239;1;065;139
7;06667;899;2;800;99;300;234
8;04567;921;2;129;300;456;300
2;19000;200;0
2;18999;199;0
1;17777;108;1;037;100
1;16891;123;0
4;15300;345;0
3;05609;234;2;222;010;034;120
1;12000;012;0
1;17203;099;0
2;08790;178;0
8;03456;900;5;100;200;058;010;077;020;521;343;012;030
1;12369;156;0
1;08999;106;0
2;03426;189;0
1;02341;145;0
3;01001;289;1;239;050
1;00999;126;0
1;00747;146;0
7;01609;765;1;700;068
5;00434;543;3;089;029;200;124;500;39
1;18089;101;0
2;17054;210;0
4;16066;436;1;409;020
3;00200;325;4;012;036;121;127;050;070;039;11
1;16709;102;0
2;14566;212;0
1;13331;127;0
1;11111;132;0
